100
6 2221201
6 0000001
6 0000001
1 16
6 2020801
4 06001
3 2051
4 77043
6 3000001
6 1201211
6 4874143
5 007001
1 31
4 01021
6 0086001
6 4060001
6 0000001
6 5349444
2 121
0 1
0 1
6 6004001
0 1
6 8000383
6 3428262
2 708
4 01244
6 0000201
6 2050001
6 6163408
3 4121
1 11
6 1120141
5 097615
6 0000001
6 9999999
6 0021001
6 2020121
0 1
6 0007002
6 1959619
4 11111
6 7213027
6 6530008
6 0205001
1 21
6 0200001
4 00001
5 211021
6 4800061
6 0000001
2 222
0 1
6 0360001
6 5000301
6 0000007
5 000281
5 110011
6 0210011
4 01001
6 2222001
3 0009
6 5000002
6 7374569
4 00051
1 41
5 622925
1 61
4 20001
1 21
3 0221
0 6
4 00001
6 0221202
6 0000001
6 5320001
1 09
6 2012011
1 11
1 61
6 0001021
6 1120301
6 0149532
6 1600701
6 6825079
2 001
0 9
6 2000222
6 3142054
6 1111111
6 0001001
6 1121021
6 0089801
2 501
0 1
6 0120221
0 1
6 0600001
6 5041382
6 3001301
