100
6 0210221
4 09001
2 861
6 2121001
2 111
6 0009001
6 9999999
6 0050001
6 1700001
6 5862222
6 3763611
6 0000011
3 0951
6 1111111
6 1336152
6 1000001
6 7000001
4 11121
4 11211
6 2201021
0 1
6 0600171
4 11111
3 2001
6 8611415
0 1
3 6001
3 0001
6 0707081
3 9001
4 11001
6 0300801
5 697473
6 0000087
6 2120011
3 6001
4 17411
6 3821138
6 0005001
1 65
5 000001
5 930882
6 2624905
1 01
2 501
6 4080001
5 110011
0 1
2 801
4 90341
6 1212011
6 0000006
6 8385978
3 5041
6 8000001
5 819896
5 111111
2 001
6 0121111
0 4
6 0000001
2 122
6 9090476
2 001
6 0000001
6 9000061
6 0070601
1 29
6 0000001
6 4000201
6 0600008
3 2051
6 7539165
6 8004001
6 1300801
6 3030031
5 300621
6 0000001
1 09
6 0000601
6 6301291
2 256
6 0011101
6 0000501
6 2010121
6 2107001
5 000001
4 12212
0 1
3 8009
3 0071
4 12201
6 0900001
6 2050001
6 1120122
6 0859082
3 1121
6 7000001
0 5
6 4000001
